165567
165558
165557
165548
165542
165537
165536
165529
165525
165523
165514
165506
165487
165486
165484
165472
165467
165423
165421
165415
165402
165400
165399
165364
165358
165306
165272
165271
165269
165268
165262
165255
165254
165248
165241
165238
165233
165229
165210
165208
165205
165182
165180
165168
165165
165163
165150
165129
165121
165120
165103
165102
165099
165098
165093
165088
165071
164236
164235
164234
164232
164224
163869
163817
163796
163795
163793
163765
163763
163761
163760
163759
163758
163757
163754
163753
163751
163738
163737
163668
163665
163664
163663
163662
163661
163660
163659
163658
163657
163655
163630
163596
163593
163592
163591
163589
163588
163587
163586
163585
163584
163583
163582
163581
163580
163483
163482
163481
163480
163479
163478
163476
163475
163402
163387
163385
163378
163377
163376
163375
163374
163372
163371
163370
163369
163368
163358
163340
163339
163338
163337
163334
163333
163332
163308
163302
163301
163300
163297
163296
163289
163286
163275
163270
163269
163261
163255
163252
163244
163243
163238
163237
163235
163234
163233
163232
163078
163076
163072
163071
163070
163069
163046
163045
162929
162926
162925
162924
162917
162909
162902
162881
162828
162827
162826
162825
162824
162823
162822
162811
162810
162808
162803
162801
162765
162762
162760
162742
162739
162733
162718
161312
161311
161310
161305
161303
161301
161233
161224
161223
161222
161217
161216
161213
161212
161210
161205
161176
161165
161156
161119
161117
161116
161113
161107
161106
161103
161078
161076
161020
161016
161008
160998
160994
160957
160956
160955
160954
160943
160942
160940
160939
160938
160937
160936
160935
160916
160915
160914
160913
160911
160907
160898
160894
160890
160888
160877
160876
160875
160874
160873
160872
160871
160853
160835
160827
160819
160815
160808
160744
160737
160579
160578
160577
160547
160502
160500
160499
160498
160497
160495
160494
160488
160486
160484
160472
160471
160469
160467
160466
160463
160462
160456
160455
160454
160450
160449
160447
160446
160445
160444
160443
160442
160439
160433
160432
160431
160428
160427
160425
160423
160421
160413
160410
160406
160405
160404
160403
160386
160384
160383
160379
160377
160329
165567
165558
165557
165548
165542
165537
165536
165529
165525
165523
165514
165506
165487
165486
165484
165472
165467
165423
165421
165415
165402
165400
165399
165364
165358
165306
165272
165271
165269
165268
165262
165255
165254
165248
165241
165238
165233
165229
165210
165208
165205
165182
165180
165168
165165
165163
165150
165129
165121
165120
165103
165102
165099
165098
165093
165088
165071
164236
164235
164234
164232
164224
163869
163817
163796
163795
163793
163765
163763
163761
163760
163759
163758
163757
163754
163753
163751
163738
163737
163668
163665
163664
163663
163662
163661
163660
163659
163658
163657
163655
163630
163596
163593
163592
163591
163589
163588
163587
163586
163585
163584
163583
163582
163581
163580
163483
163482
163481
163480
163479
163478
163476
163475
163402
163387
163385
163378
163377
163376
163375
163374
163372
163371
163370
163369
163368
163358
163340
163339
163338
163337
163334
163333
163332
163308
163302
163301
163300
163297
163296
163289
163286
163275
163270
163269
163261
163255
163252
163244
163243
163238
163237
163235
163234
163233
163232
163078
163076
163072
163071
163070
163069
163046
163045
162929
162926
162925
162924
162917
162909
162902
162881
162828
162827
162826
162825
162824
162823
162822
162811
162810
162808
162803
162801
162765
162762
162760
162742
162739
162733
162718
161312
161311
161310
161305
161303
161301
161233
161224
161223
161222
161217
161216
161213
161212
161210
161205
161176
161165
161156
161119
161117
161116
161113
161107
161106
161103
161078
161076
161020
161016
161008
160998
160994
160957
160956
160955
160954
160943
160942
160940
160939
160938
160937
160936
160935
160916
160915
160914
160913
160911
160907
160898
160894
160890
160888
160877
160876
160875
160874
160873
160872
160871
160853
160835
160827
160819
160815
160808
160744
160737
160579
160578
160577
160547
160502
160500
160499
160498
160497
160495
160494
160488
160486
160484
160472
160471
160469
160467
160466
160463
160462
160456
160455
160454
160450
160449
160447
160446
160445
160444
160443
160442
160439
160433
160432
160431
160428
160427
160425
160423
160421
160413
160410
160406
160405
160404
160403
160386
160384
160383
160379
160377
160329
165620
165619
165617
165627
165620
165619
165617
165627
165633
165570
165633
165570
165887
165887
165922
165922
165970
165980
165970
165980
165999
165993
165999
165993
166011
166010
166021
166011
166010
166021
166033
166033
166034
166034
166049
166049
166087
166086
166052
166051
166087
166086
166052
166051
166150
166149
166148
166147
166159
166150
166149
166148
166147
166164
166163
166161
166159
166164
166163
166161
166228
166228
166245
166254
166245
166254
166305
166301
166305
166301
166346
166346
166379
166377
166374
166379
166377
166374
166380
166401
166394
166380
166401
166394
166408
166408
166429
166429
166440
166439
166440
166439
166462
166462
166493
166486
166493
166486
166502
166502
166514
166514
166530
166530
166562
166512
166562
166512
166565
166565
166563
166554
166681
166677
166674
166563
166554
166683
166681
166677
166674
166683
166699
166699
166701
166701
166756
166756
166763
166763
166781
166781
166782
166787
166784
166782
166787
166784
166438
166438
166840
166840
166842
166841
166839
166842
166841
166839
166863
166862
166863
166862
166861
166860
166859
166861
166860
166859
166864
166864
166889
166893
166889
166888
166894
166893
166890
166888
166895
166894
166890
166895
166911
166921
166911
166922
166921
166923
166922
166923
166939
166947
166939
166947
166946
166946
166967
166966
166960
166950
166967
166966
166960
166950
166979
166979
167039
167039
167043
167041
167043
167041
167078
167078
167100
167098
167100
167098
167103
167102
167103
167102
167150
167150
167175
167175
167151
167151
167283
167281
167283
167282
167281
167282
167284
167284
167496
167496
167663
167551
167663
167674
167673
167551
167674
167673
167675
167676
167675
167696
167676
167715
167696
167715
167740
167740
167746
167746
167785
167784
167786
167785
167784
167754
167786
167754
167830
167830
167898
167898
167913
167913
167969
167969
168155
168152
168162
168155
168152
168229
168207
168162
168229
168207
168425
168423
168437
168425
168423
168437
167807
167807
170975
170909
170907
170901
170899
170896
170876
170854
170842
170826
170759
170743
170722
170718
170713
170527
170497
170452
170406
170397
170396
170382
170380
170378
170376
170354
170348
170307
170304
170303
170298
170292
170286
170255
170249
170212
170202
170181
170071
170070
170067
170053
171102
171098
171091
171050
170975
170909
170907
170901
170899
170896
170876
170854
170842
170826
170759
170743
170722
170718
170713
170527
170497
170452
170406
170397
170396
170382
170380
170378
170376
170354
170348
170307
170304
170303
170298
170292
170286
170255
170249
170212
170202
170181
170071
170070
170067
170053
171116
171106
171102
171098
171091
171050
171117
171116
171106
171156
171117
171156
171191
171182
171191
171182
171178
171219
171178
171246
171219
171274
171246
171282
171274
171348
171282
171348
171315
171369
171315
171369
171446
171504
171446
171521
171504
171484
171521
171484
171548
171577
171548
171577
171578
171578
171812
171812
171866
171866
171875
171880
171879
171876
171875
171895
171890
171880
171879
171876
171895
171890
171897
171921
171897
171949
171945
171926
171921
171949
171945
171926
172024
172014
172033
172024
172014
172111
172033
172111
172163
172163
172208
172208
172252
172251
172254
172252
172251
172276
172276
172268
172255
172254
172268
172255
172286
172286
172384
172383
172384
172383
172389
172389
172399
172399
172401
172400
172401
172400
172461
172411
172469
172468
172467
172463
172461
172478
172476
172475
172473
172469
172468
172467
172463
172411
172478
172476
172475
172473
172485
172516
172507
172497
172495
172488
172485
172561
172550
172549
172593
172584
172579
172576
172567
172564
172561
172550
172549
172617
172615
172604
172598
172597
172593
172588
172584
172579
172576
172567
172564
172516
172507
172497
172495
172488
172617
172615
172611
172606
172604
172598
172597
172588
172620
172619
172611
172606
172635
172630
172620
172619
172635
172630
172778
172778
172798
172791
172799
172798
172791
172799
172801
172801
172802
172802
172819
172819
172824
172822
172824
172822
172847
172847
172867
172867
172865
172865
172868
172868
172951
172949
172951
172949
172952
172998
172992
172952
172999
172998
172992
172999
173198
173198
173226
173212
173226
173212
173240
173236
173240
173236
173244
173243
173241
173244
173243
173241
173380
173381
173380
173389
173381
173389
173406
173431
173406
173438
173431
173430
173438
173430
173439
173439
173658
173657
173659
173658
173657
173662
173661
173660
173659
173677
173664
173662
173661
173660
173677
173664
173663
173688
173663
173688
173692
173692
174038
174074
174073
174070
174067
174065
174063
174060
174038
174084
174074
174073
174070
174067
174065
174063
174060
174084
174812
174811
174809
174812
174811
174809
174857
174857
175045
175045
175456
175456
175495
175497
175495
175506
175497
175506
175560
175566
175560
175581
175580
175579
175576
175566
175581
175580
175579
175576
175627
175627
175637
175637
175711
175755
175754
175744
175742
175735
175733
175711
175755
175754
175744
175742
175735
175733
175770
175770
175648
175648
175833
175833
175921
175916
175910
175906
175896
175888
175887
175886
175881
175877
175875
175874
175873
175872
175866
175865
175863
175860
175858
175857
175837
175835
175834
175832
175921
175916
175910
175906
175896
175888
175887
175886
175881
175877
175875
175874
175873
175872
175866
175865
175863
175860
175858
175857
175837
175835
175834
175832
175990
175975
175974
175973
175971
175990
175975
175974
175973
175971
176023
175976
176023
175976
176059
176059
176167
176167
176165
176163
176161
176169
176166
176165
176163
176161
176196
176169
176166
176196
176202
176201
176206
176202
176201
176207
176206
176207
176298
176289
176286
176298
176289
176286
176308
176304
176309
176308
176304
176309
176465
176464
176463
176461
176469
176468
176466
176465
176464
176463
176470
176469
176468
176466
176461
176470
176545
176547
176545
176467
176547
176467
176570
176570
176548
176548
176681
176681
176698
176701
176698
176697
176701
176697
176702
176730
176702
176730
176765
176765
176771
176784
176771
176784
176799
176797
176796
176795
176805
176801
176799
176797
176796
176795
176807
176805
176801
176807
176860
176850
176848
176844
176842
176841
176881
176860
176850
176848
176844
176842
176841
176840
176881
176868
176840
176885
176868
176886
176885
176913
176889
176886
176929
176928
176913
176889
176933
176929
176928
176954
176952
176933
176963
176957
176955
176954
176952
176963
176959
176957
176955
176982
176980
176959
176982
176980
177053
177053
177067
177067
177074
177088
177074
177088
177131
177106
177096
177095
177131
177106
177096
177095
177138
177139
177138
177140
177139
177140
177145
177141
177145
177141
177183
177184
177183
177184
177201
177201
177222
177222
177316
177317
177316
177313
177318
177317
177313
177293
177319
177318
177293
177319
177443
177443
177452
177449
177452
177449
177487
177487
177507
177507
177509
177515
177509
177515
177617
177617
177702
177715
177714
177702
177699
177715
177714
177699
177718
177718
177719
177719
177730
177730
177776
177785
177782
177776
177789
177788
177786
177785
177783
177782
177789
177788
177786
177783
177791
177790
177791
177790
177875
177875
177878
177878
178033
178022
178035
178033
178022
178035
178079
178049
178041
178040
178097
178079
178077
178049
178041
178040
178099
178098
178097
178078
178077
178099
178098
178078
178102
178101
178100
178102
178101
178100
178110
178116
178110
178135
178116
178135
178151
178151
178160
178162
178160
178162
178216
178223
178216
178223
178321
178321
178360
178360
178411
178365
178411
178380
178367
178365
178420
178380
178367
178420
178421
178421
178424
178424
178479
178479
178585
178585
178677
178670
178669
178667
178677
178675
178670
178669
178667
178675
178708
178703
178724
178712
178708
178703
178761
178768
178763
178761
178738
178731
178724
178712
178786
178768
178763
178738
178731
178786
178803
178825
178803
178825
178854
178840
178866
178854
178840
178866
178888
178888
178871
178920
178871
178969
178955
178969
178955
178920
178998
178985
178970
178998
178985
178970
179179
179179
179410
179408
179407
179414
179411
179410
179408
179407
179431
179414
179411
179431
179434
179434
179452
179452
179476
179497
179476
179497
179558
179547
179558
179547
179563
179563
179889
179889
179959
179959
179977
179977
180075
180093
180076
180075
180072
180093
180076
180072
180091
180153
180091
180154
180153
180165
180163
180154
180165
180163
180224
180222
180224
180222
180249
180241
180251
180249
180241
180252
180251
180250
180252
180250
180278
180275
180289
180287
180285
180283
180282
180278
180275
180296
180295
180294
180291
180289
180287
180285
180283
180282
180296
180295
180294
180291
180166
180166
191187
191175
191168
191167
191163
191162
191161
191159
191157
191155
191079
191074
191056
191042
191039
191034
191022
191013
191003
190997
190995
190993
190991
190976
190974
190973
190936
190935
190934
190931
190928
190927
190924
190922
190917
190913
190912
190903
190892
190871
190862
190860
190857
190855
190842
190838
190790
190780
190774
190768
190767
190762
190735
190731
190725
190723
190718
190717
190716
190710
190708
190707
190706
190705
190704
190703
190702
190700
190698
190696
190693
190692
190688
190685
190684
190682
190681
190679
190678
190676
190669
190668
190667
190663
190662
190661
190659
190658
190656
190655
190646
190645
190644
190642
190641
190640
190634
190632
190631
190630
190628
190627
190607
190605
190604
190602
190595
190593
190592
190591
190584
190580
190576
190574
190573
190571
190566
190564
190562
190539
190538
190537
190523
190519
190517
190492
190491
190490
190482
190474
190473
190470
190467
190465
190462
190459
190456
190450
191201
191187
191175
191168
191167
191163
191162
191161
191159
191157
191155
191090
191086
191079
191074
191062
191057
191056
191046
191043
191042
191039
191034
191024
191022
191013
191003
190997
190995
190993
190991
190976
190975
190974
190973
190949
190945
190936
190935
190934
190931
190928
190927
190924
190922
190917
190913
190912
190906
190903
190895
190892
190871
190862
190860
190857
190855
190842
190838
190790
190782
190780
190776
190774
190768
190767
190762
190738
190736
190735
190733
190731
190725
190723
190718
190717
190716
190710
190708
190707
190706
190705
190704
190703
190702
190700
190698
190696
190693
190692
190688
190685
190684
190682
190681
190679
190678
190676
190669
190668
190667
190663
190662
190661
190659
190658
190656
190655
190646
190645
190644
190642
190641
190640
190634
190632
190631
190630
190628
190627
190607
190605
190604
190602
190595
190593
190592
190591
190584
190580
190576
190574
190573
190571
190566
190564
190562
190539
190538
190537
190523
190519
190517
190492
190491
190490
190482
190474
190473
190470
190467
190465
190462
190459
190456
190450
191207
191201
191090
191086
191062
191057
191046
191043
191024
190975
190949
190945
190906
190895
190782
190776
190738
190736
190733
191207
191238
191237
191226
191224
191208
191206
191202
191196
191238
191237
191226
191224
191208
191206
191202
191196
191247
191247
191251
191248
191262
191261
191260
191256
191253
191252
191251
191248
191276
191271
191269
191268
191264
191262
191261
191260
191256
191253
191252
191276
191271
191269
191268
191264
191277
191277
191284
191284
191367
191367
191404
191401
191397
191391
191387
191424
191401
191397
191391
191387
191426
191424
191421
191419
191411
191406
191404
191524
191522
191521
191557
191553
191548
191524
191522
191521
191514
191512
191426
191421
191419
191411
191406
191568
191565
191564
191562
191561
191558
191557
191553
191548
191514
191512
191569
191568
191565
191564
191562
191561
191558
191578
191569
191588
191578
191612
191608
191597
191595
191594
191592
191588
191676
191612
191608
191597
191595
191594
191592
191689
191682
191679
191676
191697
191695
191694
191693
191692
191691
191689
191682
191679
191697
191695
191694
191693
191692
191691
191701
191716
191701
191716
191726
191720
191718
191700
191783
191749
191726
191721
191720
191718
191700
191800
191798
191788
191783
191749
191721
191800
191798
191788
191811
191810
191826
191811
191810
191833
191830
191826
191884
191876
191859
191858
191857
191856
191849
191845
191842
191839
191837
191834
191833
191830
191903
191891
191884
191876
191903
191891
191859
191858
191857
191856
191849
191845
191842
191839
191837
191834
191930
191929
191906
191931
191930
191929
191906
191939
191931
191939
192257
192257
192260
192260
192430
192429
192428
192427
192430
192429
192428
192427
192884
192883
192887
192885
192884
192883
192890
192889
192887
192885
192894
192893
192890
192889
192897
192894
192893
192897
192906
192911
192909
192906
192911
192909
192946
192945
192944
192972
192969
192966
192965
192960
192958
192946
192945
192944
192972
192969
192966
192965
192960
192958
193079
193088
193087
193084
193079
193088
193087
193084
193103
193111
193110
193107
193105
193104
193103
193112
193111
193110
193107
193105
193104
193093
193112
193093
193157
193155
193150
193186
193171
193160
193157
193155
193150
193124
193123
193116
193192
193189
193187
193186
193171
193160
193124
193123
193116
193204
193203
193202
193201
193189
193187
193207
193204
193203
193202
193201
193193
193192
193207
193193
193301
193278
193301
193278
193334
193306
193334
193306
193336
193336
193473
193473
193520
193530
193526
193520
193537
193530
193526
193541
193537
193550
193541
193556
193553
193552
193550
193563
193553
193552
193572
193566
193563
193557
193556
193572
193566
193557
193583
193581
193575
193598
193593
193589
193588
193585
193583
193581
193603
193598
193593
193589
193588
193585
193575
193618
193613
193604
193603
193618
193613
193604
193646
193640
193638
193633
193632
193652
193650
193648
193646
193640
193638
193633
193632
193621
193658
193654
193652
193650
193648
193621
193676
193674
193670
193658
193654
193686
193680
193677
193676
193674
193670
193686
193680
193677
194143
194140
194139
194137
194135
194134
194132
194130
194120
194119
194117
194115
194113
194108
194106
194105
194076
194075
194073
194069
194066
194058
194052
194051
194050
194048
194047
194027
194025
194022
193999
193998
193996
193992
193987
193984
193983
193962
193959
193958
193955
193950
193948
193944
193942
193938
193935
193928
193925
193922
193919
193917
193913
193898
193895
193878
193877
193875
193871
193870
193865
193852
193849
193844
193842
193840
193836
193835
193834
193833
193830
193829
193828
193822
193818
193812
193806
193774
193752
194150
194144
194143
194140
194139
194137
194135
194134
194132
194130
194120
194119
194117
194115
194113
194108
194106
194105
194076
194075
194073
194069
194066
194058
194052
194051
194050
194048
194047
194027
194025
194022
193999
193998
193996
193992
193987
193984
193983
193962
193959
193958
193955
193950
193948
193944
193942
193938
193935
193928
193925
193922
193919
193917
193913
193898
193895
193878
193877
193875
193871
193870
193865
193852
193849
193844
193842
193840
193836
193835
193834
193833
193830
193829
193828
193822
193818
193812
193806
193774
193752
194150
194144
194157
194155
194151
194157
194155
194153
194151
194196
194184
194182
194153
194197
194196
194184
194182
194199
194197
194221
194223
194221
194210
194199
194225
194224
194223
194210
194231
194230
194229
194231
194230
194229
194225
194224
194251
194256
194251
194270
194267
194265
194256
194296
194290
194274
194267
194265
194262
194301
194296
194290
194274
194262
194312
194305
194304
194303
194301
194270
194312
194305
194304
194303
194340
194366
194365
194364
194360
194358
194355
194340
194383
194374
194370
194367
194366
194365
194364
194360
194358
194355
194394
194383
194374
194370
194367
194398
194394
194317
194315
194314
194403
194399
194398
194405
194403
194401
194399
194317
194315
194314
194409
194408
194407
194405
194401
194421
194420
194411
194409
194408
194407
194421
194420
194415
194411
194427
194415
194427
194435
194433
194452
194448
194441
194439
194435
194433
194429
194428
194452
194448
194441
194439
194429
194428
194479
194464
194455
194424
194480
194479
194464
194455
194424
194480
194514
194530
194526
194514
194530
194526
194535
194535
194533
194533
194603
194627
194615
194603
194643
194631
194627
194619
194615
194643
194631
194619
194687
194687
194644
194644
194688
194691
194688
194691
194702
194699
194702
194699
194731
194712
194711
194704
194732
194731
194712
194711
194704
194735
194732
194735
194785
194776
194771
194788
194787
194786
194785
194778
194776
194771
194808
194804
194800
194795
194787
194786
194811
194808
194804
194800
194795
194790
194788
194778
194825
194811
194790
194789
194825
194789
194893
194888
194887
194884
194883
194881
194896
194895
194893
194888
194887
194884
194883
194881
194896
194895
194906
194903
194910
194906
194903
194897
194910
194897
194914
194983
194987
194985
194984
194983
194915
194914
194912
194997
194994
194988
194987
194985
194984
195009
195001
195000
194998
194997
194994
194988
195011
195009
195001
195000
194998
194915
194912
195011
195015
195016
195015
195014
195013
195016
195014
195013
195105
195097
195110
195107
195105
195097
195111
195110
195107
195099
195111
195099
195135
195130
195123
195115
195114
195113
195112
195109
195139
195135
195130
195123
195115
195114
195113
195112
195109
195145
195139
195145
195157
195161
195157
195164
195161
195147
195165
195164
195163
195147
195189
195187
195189
195187
195165
195163
195208
195209
195208
195214
195212
195209
195218
195214
195212
195223
195218
195235
195223
195249
195247
195244
195241
195235
195230
195224
195258
195254
195249
195247
195244
195241
195230
195224
195265
195258
195254
195251
195265
195251
195297
195295
195266
195301
195297
195295
195266
195303
195301
195303
195304
195351
195304
195353
195351
195357
195353
195360
195357
195366
195360
195376
195375
195374
195368
195366
195376
195375
195374
195368
195387
195385
195379
195378
195387
195385
195379
195378
195394
195390
195394
195390
195396
195396
195397
195397
195399
195398
195399
195398
195439
195437
195446
195443
195439
195437
195456
195446
195443
195459
195457
195456
195459
195457
195463
195523
195522
195514
195463
195528
195527
195523
195522
195514
195528
195527
195529
195529
195538
195536
195532
195538
195536
195532
195551
195540
195530
195551
195540
195530
195577
195552
195577
195552
195599
195585
195602
195599
195585
195606
195602
195606
195645
195644
195634
195633
195647
195645
195644
195634
195633
195647
195664
195658
195655
195649
195664
195658
195656
195655
195649
195748
195748
195656
195767
195766
195758
195757
195749
195773
195767
195766
195758
195757
195749
195773
195775
195775
195837
195776
195774
195860
195859
195841
195837
195776
195774
195860
195859
195878
195868
195841
195892
195891
195890
195889
195878
195897
195892
195891
195890
195889
195868
195904
195897
195904
195913
195913
195926
195925
195923
195918
195917
195916
195915
195929
195927
195926
195925
195923
195919
195918
195917
195916
195915
195930
195929
195927
195919
195947
195943
195937
195930
195947
195943
195937
195948
195948
195959
195967
195959
195950
195967
195963
195950
195985
195975
195963
196016
196000
195999
195995
195985
195975
196017
196016
196000
195999
195995
196027
196023
196019
196017
195970
196070
196048
196047
196046
196045
196027
196023
196019
195970
196070
196048
196047
196046
196045
196082
196082
196103
196099
196098
196097
196096
196122
196103
196099
196098
196097
196096
196090
196135
196131
196122
196107
196090
196193
196135
196131
196107
196193
196203
196202
196200
196211
196203
196202
196200
196211
196199
196197
196199
196197
196218
196218
196245
196245
196239
196239
196295
196295
196252
196250
196317
196308
196252
196250
196249
196317
196308
196249
196343
196350
196343
196334
196359
196357
196352
196350
196334
196363
196359
196357
196352
196363
196362
196351
196349
196362
196351
196349
197044
197038
197031
196946
196943
196894
196893
196843
196690
196681
196672
196665
196553
196531
196517
196509
196508
196501
196497
196495
196489
196458
196453
196452
196449
196438
196430
197044
197038
197031
196946
196943
196894
196893
196843
196690
196681
196672
196665
196553
196531
196517
196509
196508
196501
196497
196495
196489
196458
196453
196452
196449
196438
196430
196437
196432
196431
196353
196437
196432
196431
196353
196433
196433
196364
198202
198200
198197
198192
198185
198176
198171
198169
198167
198166
198163
198160
198152
198151
198150
198136
198130
198111
198047
198031
198011
197931
197903
197891
197889
197885
197774
197772
197770
198211
198210
198208
198207
198202
198200
198197
198192
198185
198176
198171
198169
198167
198166
198163
198160
198152
198151
198150
198136
198130
198116
198111
198063
198050
198049
198048
198047
198045
198044
198041
198031
198023
198022
198011
197931
197903
197891
197889
197885
197774
197772
197770
198211
198210
198208
198207
198116
198063
198050
198049
198048
198045
198044
198041
198023
198022
198215
198214
198213
198212
198229
198215
198214
198213
198212
198229
198249
198259
198249
198270
198268
198259
198270
198269
198268
198269
198271
198272
198271
198314
198311
198310
198300
198314
198311
198310
198300
198272
198346
198345
198363
198362
198346
198345
198372
198363
198362
198372
198485
198483
198485
198483
198898
198860
198859
198856
198846
198791
198765
198748
198744
198722
198720
198719
198713
198523
198522
198520
198516
198514
198487
198486
198898
198860
198859
198856
198846
198791
198765
198748
198744
198722
198720
198719
198713
198523
198522
198520
198516
198514
198487
198486
198913
198910
198913
198910
198939
198934
198939
198934
198948
198945
198952
198948
198945
198952
198955
198968
198955
198968
198984
198982
198984
198982
199005
198999
199005
198999
199008
199011
199008
198969
199011
198969
199041
199034
199033
199060
199056
199051
199048
199041
199034
199033
199085
199073
199060
199056
199051
199048
199089
199085
199073
199021
199089
199021
199101
199101
199103
199103
199312
199310
199316
199312
199310
199318
199316
199318
199319
199344
199350
199344
199319
199350
199372
199367
199363
199361
199356
199381
199372
199367
199363
199361
199356
199390
199383
199381
199397
199390
199383
199403
199397
199403
199416
199416
199429
199429
199435
199441
199436
199435
199441
199436
199567
199565
199564
199563
199562
199568
199567
199566
199565
199564
199563
199562
199570
199569
199568
199566
199570
199569
199573
199572
199571
199602
199574
199573
199572
199571
199602
199574
199957
199916
199913
199877
199876
199872
199868
199864
199863
199858
199852
199845
199834
199832
199810
199808
199754
199753
199752
199751
199745
199743
199739
199732
199703
199698
199696
199691
199631
199620
199612
199957
199916
199913
199877
199876
199872
199868
199864
199863
199858
199852
199845
199834
199832
199810
199808
199754
199753
199752
199751
199745
199743
199739
199732
199703
199698
199696
199691
199631
199620
199612
199961
199960
199965
199961
199960
199970
199967
199965
199973
199970
199967
200008
199973
199875
199867
199862
199833
199812
199804
200039
200008
199875
199867
199862
199833
199812
199804
200039
200042
200042
200041
200058
200055
200053
200041
200058
200055
200053
200075
200075
200091
200091
200144
200142
200146
200144
200142
200146
200167
200165
200161
200160
200152
200185
200176
200174
200171
200167
200165
200186
200185
200180
200178
200177
200176
200174
200171
200161
200160
200152
200188
200186
200180
200178
200177
200188
200190
200190
200226
200228
200226
200228
200241
200243
200241
200244
200243
200258
200253
200263
200258
200253
200265
200263
200245
200244
200265
200245
200313
200321
200320
200313
200325
200321
200320
200325
200351
200350
200360
200357
200353
200351
200350
200360
200357
200353
200379
200375
200379
200375
200385
200385
200381
200369
200368
200381
200369
200368
200463
200471
200470
200463
200471
200470
200480
200480
200473
200501
200491
200473
200501
200491
200519
200519
200593
200532
200525
200599
200597
200593
200532
200525
200599
200597
200602
200601
200602
200601
200600
200515
200466
200229
200049
199699
199608
199428
198230
200600
200515
200466
200229
200049
199699
199608
199428
198230
200903
200925
200903
200937
200930
200925
200943
200939
200937
200930
200943
200939
200971
200967
200961
200960
200981
200976
200971
200967
200961
200960
200990
200981
200976
200990
201005
201002
201060
201005
201002
201060
201091
201089
201095
201091
201089
201095
201119
201119
201115
201156
201156
201115
201097
201097
201173
201186
201174
201173
201186
201174
201193
201191
201199
201197
201196
201193
201191
201200
201199
201197
201196
201202
201200
201229
201228
201226
201224
201202
201229
201228
201226
201224
201244
201239
201244
201239
201264
201263
201264
201263
201278
201317
201278
201317
201541
201535
201554
201541
201535
201560
201554
201560
201602
201602
201622
201613
201611
201624
201622
201613
201611
201624
201625
201658
201657
201625
201668
201658
201657
201669
201668
201669
201678
201671
201679
201678
201671
201699
201699
201692
201679
201705
201692
201707
201705
201708
201707
201725
201718
201708
201725
201718
201706
201729
201727
201706
201729
201727
201792
201813
201812
201809
201807
201806
201805
201804
201792
201815
201813
201812
201810
201809
201808
201807
201806
201805
201804
201803
201818
201817
201816
201815
201810
201808
201803
201802
201794
201845
201819
201818
201817
201816
201802
201794
201845
201819
201871
201824
201871
201824
201993
201986
202000
201995
201993
201986
202000
201995
202014
202013
202012
202026
202026
202016
202014
202013
202012
202041
202016
202041
202047
202046
202047
202046
202045
202044
202054
202045
202044
202054
202060
202060
202071
202074
202071
202074
202087
202091
202088
202087
202116
202109
202093
202091
202088
202084
202116
202109
202093
202084
202075
202075
202185
202183
202208
202207
202185
202183
202178
202208
202207
202205
202178
202232
202205
202232
202270
202270
202272
202272
202303
202301
202305
202304
202303
202301
202299
202314
202312
202305
202304
202299
202319
202314
202312
202319
202333
202328
202377
202333
202328
202377
202397
202397
202389
202389
202459
202459
202498
202498
202478
202477
202472
202469
202478
202477
202472
202469
202807
202807
202862
202861
202858
202851
202862
202861
202858
202851
202864
202864
202950
202950
202970
202972
202970
202972
202989
202998
202995
202989
202998
202995
203002
203002
203481
203477
203485
203481
203477
203485
203513
203512
203520
203513
203512
203534
203530
203527
203520
203560
203556
203545
203542
203534
203530
203527
203648
203599
203597
203584
203560
203556
203545
203542
203648
203599
203597
203584
203682
203682
203724
203718
203712
203709
203724
203718
203712
203709
203738
203755
203754
203742
203739
203738
203755
203754
203742
203739
202973
202504
202237
202209
201168
201164
201159
201114
201062
200992
200991
199409
199336
198954
198941
204769
204761
204753
204751
204742
204736
204735
204729
204708
204706
204705
204601
204600
204599
204597
204593
204591
204577
204576
204571
204567
204566
204565
204564
204563
204561
204555
204554
204553
204552
204551
204545
204544
204541
204516
204511
204506
204489
204480
204479
204250
204243
204238
204237
204233
204114
204113
204101
204100
204002
203994
203992
203991
203987
203986
203985
203981
203980
203979
203976
203912
203909
203894
203892
203884
203881
203853
203836
203835
203834
203833
203832
203830
203825
203780
203778
203777
203773
204769
204761
204753
204751
204742
204736
204735
204729
204708
204706
204705
204601
204600
204599
204597
204593
204591
204577
204576
204571
204567
204566
204565
204564
204563
204561
204555
204554
204553
204552
204551
204545
204544
204541
204516
204511
204506
204489
204480
204479
204250
204243
204238
204237
204233
204114
204113
204101
204100
204002
203994
203992
203991
203987
203986
203985
203981
203980
203979
203976
203912
203909
203894
203892
203884
203881
203853
203836
203835
203834
203833
203832
203830
203825
203780
203778
203777
203773
204780
204777
204775
204799
204798
204797
204795
204792
204788
204785
204780
204777
204775
204812
204809
204803
204800
204799
204798
204797
204795
204792
204788
204785
204852
204812
204809
204803
204800
204892
204852
204924
204916
204913
204912
204892
204953
204950
204933
204928
204925
204924
204916
204913
204912
204971
204970
204969
204966
204961
204953
204950
204933
204928
204925
204987
204982
204971
204970
204969
204966
204961
204990
204987
204982
205007
204990
205023
205011
205007
205042
205023
205011
205075
205042
205089
205086
205075
205097
205089
205086
205103
205097
205136
205134
205133
205132
205127
205103
205146
205142
205141
205136
205134
205133
205132
205127
205111
205150
205146
205142
205141
205111
205150
205158
205177
205168
205177
205168
205158
205217
205193
205217
205193
205244
205237
205262
205249
205244
205238
205237
205236
205233
205308
205302
205300
205262
205249
205308
205303
205302
205300
205238
205236
205233
205310
205303
205310
205329
205327
205326
205311
205329
205327
205326
205339
205311
205339
205456
205486
205456
205344
205486
205344
205503
205503
205512
205512
205565
205563
205604
205599
205598
205595
205590
205565
205563
205611
205604
205600
205599
205598
205595
205590
205618
205611
205600
205647
205644
205618
205650
205647
205644
205627
205620
205617
205614
205605
205526
205519
205515
205665
205662
205650
205627
205620
205617
205614
205605
205526
205519
205515
205666
205665
205662
205666
205667
205690
205683
205667
205713
205711
205694
205690
205683
205713
205711
205753
205764
205753
205777
205774
205764
205718
205694
205831
205831
205872
205869
205896
205890
205872
205869
205896
205890
205833
205826
205781
205920
205919
205917
205908
205834
205833
205826
205781
205777
205774
205718
205920
205919
205917
205908
205834
205930
205930
205921
205921
206053
206047
206046
206045
206041
206039
206083
206053
206047
206046
206045
206041
206039
206083
206066
206092
206088
206066
206096
206092
206088
206098
206096
206098
206102
206102
206188
206187
206194
206188
206187
206205
206199
206196
206194
206205
206199
206196
206208
206207
206208
206207
206214
206227
206224
206220
206217
206214
206227
206224
206220
206217
